  0.010000   1.600000   0.425000   2.000000      42.50      21.25
  0.020000   1.700000   0.550000   2.050000      55.00      27.50
  0.070000   1.900000   0.650000   2.100000      65.00      32.50
  0.100000   2.400000   1.000000   2.200000     100.00      50.00
  0.160000   3.000000   1.400000   2.450000     140.00      70.00
  0.100000   3.600000   2.000000   2.550000     200.00     100.00
  0.440000   4.200000   2.400000   2.600000     240.00     120.00
  5.900000   5.500000   3.200000   2.650000     320.00     160.00
 10.200000   6.100000   3.400000   2.750000     340.00     170.00
 14.630000   6.500000   3.800000   3.000000     380.00     190.00
999.000000   7.800000   4.500000   3.300000     450.00     225.00